2 100
1.031643341801048 0.618065916431689 0.06956893684115445 0.6548417238172386 0.4365943152481033 0.2356779541920584 0.0062009800532521284 0.7647035571056492 0.04774708039397465 0.9083184259981466 0.057629311201773566 0.3208485279421804 -0.24697437282080098 0.7344428713958521 0.66714746311827 0.7475960478030461 1.0701927782860743 1.0253706704172412 0.8636764718299663 0.04622739508805919 0.020165450334030676 0.04218666189085267 0.9475176713744582 0.06260052975122996 0.5935810932944432 0.27299574022294076 0.9289807460850639 0.4344886235530279 0.8220261096697371 0.10638283836945649 0.9854751896674229 0.02825353108166448 0.32219548600352027 1.068757153265098 0.801874280919918 0.3307051458817367 0.4217221051565645 0.6183099684157073 0.4122906700584752 0.5667739424541288 0.01828304677973004 0.8016817445903337 -0.25638100360598826 1.0280167212781228 -0.2437507554382651 0.6689606903330243 0.14922189732572094 0.7380966479842025 1.3608242955684244 0.7934947768140551 0.012660700313259936 0.8238610533478364 0.7919557362090183 0.2584912613014274 1.040548793639454 0.5877221587466365 -0.3011025154037111 0.28864621735306545 0.42370051765942646 0.06454354716538614 0.9531138588939333 0.5182796917244316 0.6357175154533391 1.3234231409791148 0.7171433380153802 1.0087189460235604 0.18506062994195827 0.870728185571164 0.8800330761619094 0.5829742446527486 0.07717787172568548 0.32996779110361474 0.7373140906934041 0.06959421732041217 0.3712966880720071 0.3612212444886435 0.42530813241534077 0.5834356543270851 0.7910852556268492 1.1645889193633139 0.46014827679402215 1.3487127518260154 0.7838420304838409 0.9128505762090919 1.0108093685210449 0.8708054240291959 -0.6155207099622311 0.7545562360753701 0.5038910244357739 0.036408702041056576 0.43676258082605307 0.47075561901245555 1.0712094374487775 -0.12056238607987947 1.1424701392369985 0.3592603605079473 0.498850075059324 0.051406149740789255 0.0796677857866462 0.22126637049974857 
1.197125672420994 0.03346207643020138 1.1480201650087045 1.0775737589403946 0.5845965848584009 0.41413351190773895 0.3371363027150097 0.5358615844662262 0.03093831667500459 -0.06465216601739954 1.8541550627912848 0.25528893474151193 0.12428005981394329 0.186161362149774 0.5976545778667592 0.033342448297704046 -0.20483677012190518 0.1372789541311303 0.6239019995749532 1.5556962188168162 1.1006966375393272 1.6388653415840966 -0.0557546318882753 1.3276472507804096 0.665938042736845 1.481567581725909 0.028552134751305355 0.7777480171908937 0.0354784544980589 0.07929112861595389 0.9619671078493197 0.33690317577832524 0.7943380816065351 0.7964667542344065 0.5033051810860669 0.5534119652528819 0.3042496660067498 0.7765346316754432 0.5161384434127401 0.18535719871662532 1.0081752767477175 1.0488686188339817 -0.19705318406098526 0.48115194703949027 0.24356217963938967 0.9701803928230647 1.8209679955984301 1.1086521073183642 1.3638224506016996 0.42269523296997075 1.5517647339279406 0.2110001551957285 0.036666062945394116 0.9502666342132446 0.04159819548650391 0.9235019958708824 -0.20678636557856728 0.7182978715365111 1.4298358284865595 0.6353259153598957 0.41024722921503776 0.47497805966375445 0.9161613035419512 0.02116069552822407 0.2503673483300908 0.3525764940059439 0.418729004352729 0.7961234665671177 0.441671284296808 0.45519474175917796 2.0625660302379236 1.446880679802451 0.8545278600418943 2.5997725644963805 0.905868090373012 1.4410073237657932 1.576865762155388 0.8927563355293362 0.36923651758491477 0.03789984047238669 0.1722246153512466 0.025781135450728413 0.2630970886135474 0.44983271291925864 0.6790716226287302 0.4276441627139366 2.178233795230163 1.0119087565785023 0.5730570995420801 1.2035377068694109 0.5813128542243062 0.855395643823424 0.025127735065169726 1.1008856616250966 0.28037122089191613 0.5141528390624641 0.5151762165713891 1.1552333864400808 1.4764602703284375 -0.051400343088177806 
0.23862525131435067 0.20164548777391705 0.6258821129172004 0.8809164768636277 0.11564523683881402 0.4977347087234108 0.07098806977726402 0.43959877235592226 -0.09662300274580583 0.4793421204671147 -1.4341283466609398 0.8091279093589712 0.3965951373664772 0.2365177026726285 0.6396848351763779 0.24175211883859024 1.013146715883703 0.39345403337760454 0.5706816396950294 -0.9038760979214463 0.23106251484443094 -1.2689442015386279 1.0126855134935282 -0.9105260239217997 0.13306194607215913 -0.9249698750553955 0.296427789490212 0.19399012853715197 0.2654591290933764 -0.22326959516402828 0.1937108893874238 0.3212716340088014 -0.5524019566934478 0.16376960974454344 0.42781471300522467 0.37662704831388305 0.3805348228664212 0.30082672294060275 0.4708629078421768 0.22800579028615084 0.21180103255007865 0.20770508694994622 0.5426064168369601 0.7589342121815377 0.47673816393483237 0.2731247199016927 -1.3229020383296148 0.9384216828045115 0.2743113315622216 0.7137708777265989 -0.952994645888506 0.3613569841827342 0.2562821332955737 0.22651454983719682 0.3346546851933317 0.7679837873056296 0.6750404513391407 0.26525023157038835 -1.0442134426833583 -0.48286896187525086 0.685231057224475 0.3708603586342503 0.7882690666712368 0.41673451530511924 0.77412449444011 0.4338703179583301 -0.304905623014979 0.1612102222336807 0.6649956733333969 0.02346540343358591 -1.5626019517803245 -1.0743047265227013 0.17032667465477477 -2.0122912841533003 0.6513645757563726 -1.0664634460235858 -1.1444476561267187 0.6203787466641292 0.392915532126903 0.3721583353127451 0.17965739569905284 0.4255400542770059 0.3271368772990612 0.0881926392586461 0.8523204588266662 0.6532789403451742 -0.7373890188764494 0.2600237288596606 0.4436365333054919 -0.9310624511281307 0.2100369110818956 0.21386388786460114 0.3394836962915523 0.7276852967996004 0.5047898210125709 0.35987068781633075 0.10354036943103648 -0.891174073339282 -1.1363200019650217 -0.29796625637593144 
-0.8561144562674405 
0.8442053162597842 
-0.6479384326887772 
-0.7446558689908368 
-0.4742108744817015 
-0.15410760083344363 
0.4121967568340466 
0.2026473271384276 
0.4982791173528732 
0.5978610214071208 
2.4630573561035742 
-0.3795723871673976 
0.33417437733088495 
0.3329551551917304 
-0.652396356958638 
0.916212774386218 
-1.1092132555527308 
0.5301277010376826 
0.3472604407130202 
1.558111101190757 
0.37191832660018975 
2.152320032984266 
-0.9854885244719946 
1.5293432558669877 
-0.4700865996829265 
1.4892913232271776 
0.9667625741045105 
-0.30704109536314783 
0.9884148985416993 
0.6508319891446654 
-0.7471949575494603 
-0.12630674387522753 
0.6009047028111314 
-0.9179135630900439 
0.12260030359732188 
0.12126787654893657 
-0.06272134240483884 
-0.1462236740613866 
-0.25463463245181106 
0.5452030232926791 
0.5259027158806543 
-0.7744185568382909 
0.6859765750915975 
-0.6276863907992641 
0.28634341225702403 
-0.4405058891428708 
2.08138828280885 
-0.7580624283697271 
-1.2498346300855319 
-0.2360465872779832 
1.5609388190333906 
0.8564666571108789 
0.9901363554211787 
0.10827597220041615 
1.2150101707271042 
-0.7247097942146268 
0.4716433467424919 
-0.00045269020079249055 
1.5426272838840984 
0.782234088800652 
-0.3988539310567083 
-0.036783398682590875 
-0.7592537482646329 
1.0963074078599397 
0.6577603565759571 
0.6983604822622621 
0.36033234969660344 
-0.3347730824618182 
-0.5927097710785431 
-0.11182433743565412 
2.527128044859681 
1.7731092969013993 
-0.4709847337941501 
3.2848900354582464 
-0.4689415757298899 
1.7517423507256427 
1.6986043349007949 
0.32094409738054075 
0.5143941900390837 
1.2316262705672185 
0.19456175344428484 
1.1844887883033017 
0.5771483973554543 
-0.5447818455869184 
-0.519355620089184 
-0.45061282612464876 
2.3413244685136814 
-0.460950351946354 
0.19221250956231314 
1.5956167192247186 
-0.14321397003836048 
-0.32247442012362615 
1.007859009096808 
-0.7726009607728123 
0.6008456723916599 
-0.010059980570039644 
-0.4413842847703032 
1.6568292075686677 
2.0313201472542013 
0.7826717208819056 
0.6400552894119764 
